40674535
39808055
39418402
39405397
39405394
39405393
39405392
39312610
39172356
39171554
39171285
39170602
39170549
39169532
39169347
39169314
39169287
39169167
39167967
39167485
39166231
39165369
39165270
39164752
39164284
39164053
39163793
39163767
39163747
39163349
39163143
39162988
39161542
39161484
39159783
39159607
39159474
39159462
39158902
39158581
39158165
39158051
39157345
39157302
39156396
39156268
39155763
39155045
39154907
39154632
39154330
39154292
39154174
39153784
39152190
39151826
39151680
39151482
39150750
39150728
39150646
39150062
39149538
39149072
39148725
39148011
39146742
39146616
39146534
39146373
39145102
39144855
39144668
39144056
39142509
39142505
39142425
39142369
39142233
39141921
39139078
39138793
39138096
39136862
39136010
39135572
39135185
39135051
39134985
39134693
39133926
39133923
39133715
39110819
38739728
38696626
38648305
38507546
38507533
38502769
37934848
37782719
36508521
36260712
35507720
34982518
34279891
34033370
33877759
33555769
33555768
33555767
33555766
33555765
33555764
33555763